object Frame1: TFrame1
  Left = 0
  Top = 0
  ClientHeight = 480
  ClientWidth = 640
  FormFactor.Width = 320
  FormFactor.Height = 480
  FormFactor.Devices = [Desktop, iPhone, iPad]
  DesignerMasterStyle = 0
  object Rectangle1: TRectangle
    Position.X = 48.000000000000000000
    Position.Y = 32.000000000000000000
    Size.Width = 369.000000000000000000
    Size.Height = 129.000000000000000000
    Size.PlatformDefault = False
  end
end
